1930   1  125.0
1930   2   14.1
1930   3   95.0
1930   4   46.5
1930   5   41.8
1930   6   45.8
1930   7   79.8
1930   8  145.0
1930   9   98.1
1930  10  117.8
1930  11   74.8
1930  12   87.6
1931   1   47.0
1931   2   64.2
1931   3   53.7
1931   4   77.0
1931   5   71.5
1931   6  101.8
1931   7   99.5
1931   8   64.8
1931   9   63.5
1931  10   50.1
1931  11  156.5
1931  12   55.1
1932   1  100.1
1932   2    5.9
1932   3   32.1
1932   4   56.4
1932   5   69.8
1932   6   14.4
1932   7   93.8
1932   8   37.2
1932   9   94.3
1932  10   83.8
1932  11   32.6
1932  12  110.6
1933   1   72.6
1933   2   59.0
1933   3   84.3
1933   4   25.1
1933   5   51.3
1933   6   63.7
1933   7   79.2
1933   8   59.2
1933   9   35.6
1933  10   53.6
1933  11   29.2
1933  12   49.0
1934   1  112.7
1934   2    4.2
1934   3   73.9
1934   4   48.1
1934   5   50.7
1934   6   49.0
1934   7   45.8
1934   8  116.2
1934   9  127.6
1934  10   88.1
1934  11   34.7
1934  12  130.5
1935   1   31.4
1935   2   76.6
1935   3   34.6
1935   4   44.9
1935   5   26.5
1935   6  121.4
1935   7   23.9
1935   8   82.1
1935   9  143.9
1935  10   98.4
1935  11  102.3
1935  12   37.5
1936   1  100.5
1936   2   45.3
1936   3   39.0
1936   4   58.0
1936   5   25.0
1936   6   75.2
1936   7  156.0
1936   8   48.8
1936   9  118.5
1936  10   49.5
1936  11   77.9
1936  12   79.6
1937   1  113.7
1937   2  105.5
1937   3   52.3
1937   4   67.5
1937   5   69.7
1937   6   52.0
1937   7   97.8
1937   8   84.6
1937   9  101.7
1937  10   48.9
1937  11   37.3
1937  12   49.3
1938   1  111.6
1938   2   36.7
1938   3   34.4
1938   4    3.9
1938   5   92.2
1938   6   87.5
1938   7  170.3
1938   8  103.9
1938   9   51.7
1938  10  184.9
1938  11  118.8
1938  12   84.0
1939   1  127.7
1939   2   69.6
1939   3   68.5
1939   4   27.4
1939   5   33.8
1939   6   57.9
1939   7   91.3
1939   8   36.8
1939   9   57.1
1939  10   22.0
1939  11  187.8
1939  12   56.4
1940   1   62.9
1940   2   98.1
1940   3   53.8
1940   4   63.9
1940   5   23.0
1940   6   27.3
1940   7   85.9
1940   8   12.8
1940   9   53.6
1940  10  157.9
1940  11  106.3
1940  12   89.1
1941   1   56.1
1941   2   93.0
1941   3   58.4
1941   4   42.4
1941   5   66.7
1941   6   19.1
1941   7   70.8
1941   8   78.6
1941   9   24.7
1941  10   67.9
1941  11  123.3
1941  12   58.7
1942   1  105.8
1942   2   24.0
1942   3   71.0
1942   4   47.1
1942   5   88.8
1942   6    7.7
1942   7   98.2
1942   8  138.2
1942   9  111.6
1942  10   63.6
1942  11   16.7
1942  12   95.1
1943   1  127.6
1943   2   44.7
1943   3   21.4
1943   4   38.3
1943   5   81.9
1943   6   76.4
1943   7   50.8
1943   8  112.9
1943   9   63.5
1943  10   95.7
1943  11   69.1
1943  12   56.1
1944   1  101.4
1944   2   35.1
1944   3   14.0
1944   4   39.7
1944   5   81.2
1944   6   44.7
1944   7   77.5
1944   8   96.7
1944   9  110.9
1944  10  113.0
1944  11  128.7
1944  12   98.2
1945   1   51.1
1945   2   79.4
1945   3   43.1
1945   4   33.4
1945   5   82.4
1945   6   92.6
1945   7  106.8
1945   8   59.5
1945   9   91.8
1945  10   73.9
1945  11   17.0
1945  12  105.6
1946   1  125.3
1946   2  132.0
1946   3   36.7
1946   4   26.6
1946   5   51.4
1946   6   90.2
1946   7  117.4
1946   8  171.4
1946   9  133.5
1946  10   33.4
1946  11   91.7
1946  12  122.9
1947   1   89.7
1947   2   48.0
1947   3  115.6
1947   4   98.2
1947   5  117.0
1947   6  113.8
1947   7   73.5
1947   8   21.2
1947   9   95.0
1947  10   96.4
1947  11  110.2
1947  12   73.2
1948   1  178.0
1948   2   55.2
1948   3   71.8
1948   4   51.8
1948   5   60.6
1948   6   97.8
1948   7   51.2
1948   8   72.8
1948   9   83.7
1948  10   95.9
1948  11   74.1
1948  12  144.9
1949   1   50.6
1949   2   66.0
1949   3   57.6
1949   4   58.1
1949   5   44.5
1949   6   18.2
1949   7   74.4
1949   8   98.3
1949   9   25.7
1949  10  161.7
1949  11   82.2
1949  12  103.0
1950   1   32.4
1950   2  100.5
1950   3   42.9
1950   4   66.3
1950   5   31.0
1950   6   47.2
1950   7  136.6
1950   8  112.3
1950   9  138.1
1950  10   79.9
1950  11   70.6
1950  12   57.2
1951   1   95.1
1951   2   64.9
1951   3   97.9
1951   4   45.6
1951   5   44.8
1951   6   35.2
1951   7   41.3
1951   8  103.5
1951   9  115.6
1951  10   49.3
1951  11   78.8
1951  12  144.6
1952   1  112.9
1952   2   21.9
1952   3   28.4
1952   4   49.2
1952   5   96.6
1952   6   56.3
1952   7   40.7
1952   8   73.9
1952   9   53.8
1952  10  131.4
1952  11   51.5
1952  12   74.8
1953   1   40.2
1953   2   39.4
1953   3   10.9
1953   4   73.2
1953   5   43.8
1953   6   25.1
1953   7   83.5
1953   8  121.2
1953   9   68.6
1953  10   78.7
1953  11   69.1
1953  12   71.0
1954   1   54.8
1954   2  103.7
1954   3   59.7
1954   4   30.4
1954   5  101.5
1954   6   62.1
1954   7   90.5
1954   8  104.4
1954   9  124.3
1954  10  125.9
1954  11   99.7
1954  12   97.3
1955   1   67.6
1955   2   60.2
1955   3   37.3
1955   4   69.7
1955   5   82.6
1955   6  105.0
1955   7   13.5
1955   8   33.2
1955   9   88.0
1955  10   39.3
1955  11   64.7
1955  12  108.9
1956   1   74.6
1956   2   21.7
1956   3   50.2
1956   4   22.3
1956   5   33.8
1956   6   59.6
1956   7  116.3
1956   8  128.6
1956   9  119.4
1956  10   61.4
1956  11   48.0
1956  12  107.0
1957   1  105.7
1957   2   77.7
1957   3   93.0
1957   4   40.2
1957   5   52.1
1957   6   21.0
1957   7  115.4
1957   8   43.9
1957   9   86.8
1957  10  107.4
1957  11   17.9
1957  12   69.5
1958   1   95.6
1958   2   86.9
1958   3   39.5
1958   4   37.5
1958   5  101.2
1958   6   85.1
1958   7  100.2
1958   8  153.3
1958   9  101.0
1958  10   46.1
1958  11   51.6
1958  12   88.7
1959   1   53.3
1959   2   28.5
1959   3   55.7
1959   4   87.9
1959   5   45.6
1959   6   58.2
1959   7   65.5
1959   8   18.4
1959   9   36.1
1959  10  142.7
1959  11   81.4
1959  12  179.9
1960   1   84.7
1960   2   44.6
1960   3   42.0
1960   4   59.3
1960   5   68.9
1960   6   78.7
1960   7  145.4
1960   8  112.5
1960   9  130.1
1960  10   67.1
1960  11  151.7
1960  12  127.6
1961   1  132.4
1961   2   77.4
1961   3   13.4
1961   4  119.5
1961   5   57.9
1961   6   48.1
1961   7   97.8
1961   8   63.6
1961   9   95.4
1961  10   83.9
1961  11   58.3
1961  12   59.3
1962   1   87.1
1962   2   32.8
1962   3   54.8
1962   4   49.5
1962   5   68.6
1962   6   36.4
1962   7   52.8
1962   8  115.4
1962   9  147.2
1962  10   32.4
1962  11   76.9
1962  12   76.4
1963   1    9.3
1963   2   30.8
1963   3   84.6
1963   4   44.0
1963   5   56.7
1963   6   56.9
1963   7   62.5
1963   8   80.2
1963   9   51.1
1963  10  119.2
1963  11  115.1
1963  12   23.8
1964   1   43.6
1964   2   24.8
1964   3   76.3
1964   4   73.6
1964   5   70.3
1964   6   52.1
1964   7   72.8
1964   8  101.2
1964   9   48.1
1964  10   76.3
1964  11   57.7
1964  12  137.5
1965   1  111.3
1965   2    7.9
1965   3   89.6
1965   4   68.8
1965   5   90.2
1965   6   78.7
1965   7   94.4
1965   8   88.3
1965   9   68.2
1965  10   33.9
1965  11   82.8
1965  12  117.1
1966   1   72.0
1966   2   75.5
1966   3   42.9
1966   4   94.3
1966   5   77.8
1966   6  113.3
1966   7   44.4
1966   8   99.0
1966   9   68.5
1966  10  137.8
1966  11   45.4
1966  12   84.9
1967   1   61.6
1967   2   89.2
1967   3   38.3
1967   4   32.5
1967   5  115.8
1967   6   20.0
1967   7   35.4
1967   8   70.4
1967   9   92.5
1967  10  144.8
1967  11   64.5
1967  12   54.6
1968   1  106.1
1968   2   13.8
1968   3   62.5
1968   4   51.9
1968   5   73.8
1968   6   57.3
1968   7   24.6
1968   8   85.2
1968   9  109.8
1968  10   82.9
1968  11  102.4
1968  12  126.4
1969   1  104.4
1969   2   32.9
1969   3   41.1
1969   4   57.8
1969   5   46.8
1969   6   54.2
1969   7   31.7
1969   8   31.3
1969   9   25.8
1969  10   34.1
1969  11   83.5
1969  12   76.3
