 -0.0810
  0.3232
  0.1582
 -0.7586
  0.6708
 -0.0607
 -0.5180
  0.3471
  0.2068
 -0.6620
  0.0228
 -0.0998
  0.0981
  0.2602
  0.1709
  0.2156
 -0.2247
  0.3308
  0.1940
 -0.0003
  0.0567
  0.2897
 -0.0506
 -0.2558
  0.4557
  0.1227
 -0.4315
 -0.1637
  0.4823
 -0.6269
  0.5753
  0.0931
 -0.7496
  0.5837
 -0.3876
  0.4569
 -0.6243
 -0.0875
  0.4368
  0.0580
  0.2264
 -0.5291
  0.6191
 -0.2703
 -0.0956
  0.4202
  0.0643
 -0.0284
  0.3356
 -0.8191
  0.7227
 -0.7348
  0.3398
  0.2153
  0.0397
 -0.7098
  0.7193
 -0.0669
  0.1907
  0.2398
 -0.4484
  0.4828
 -0.2736
 -0.1471
  0.3016
 -0.6465
  0.2241
  0.2077
  0.0344
 -0.2847
  0.1905
  0.1404
  0.2307
  0.1383
 -0.2067
  0.4312
 -0.4575
  0.5342
  0.0545
  0.2458
  0.1730
 -0.2556
 -0.2381
  0.3384
 -0.1590
 -0.5372
  0.4836
 -0.8417
 -0.1237
  0.4640
 -0.8061
  0.6783
 -0.4652
  0.4654
  0.0223
  0.2578
 -0.3321
  0.4865
  0.1002
 -0.4543
  0.5281
 -0.7858
  0.6203
  0.0800
 -0.2162
 -0.4204
 -0.1867
  0.1852
  0.2137
  0.1664
 -0.0037
 -0.5967
  0.6224
  0.0640
 -0.5070
  0.5829
 -0.6028
  0.1672
 -0.0694
 -0.0172
 -0.3618
 -0.0931
  0.0580
 -0.1264
 -0.3513
  0.4538
 -0.6288
  0.5522
 -0.6129
  0.5927
  0.0793
 -0.0699
  0.3371
 -0.3222
  0.4364
  0.0638
  0.2231
 -0.2353
 -0.3928
 -0.2554
  0.2150
  0.2052
 -0.8236
  0.0881
  0.1920
 -0.1701
 -0.5927
 -0.1408
 -0.3335
  0.4816
