 -6.86
  0.10
 -7.75
  5.32
 -3.76
  3.95
 -6.81
  5.17
 -9.76
  4.49
 -5.83
 -2.47
 -3.17
 -0.41
 -0.32
  0.60
 -5.27
  0.25
 -4.21
 -2.53
 -4.06
  2.04
 -4.45
  2.98
 -2.19
  2.47
  2.03
 -5.10
  1.10
 -0.64
 -0.30
  3.81
  1.50
 -0.07
 -2.07
  3.35
  0.11
  4.84
  1.05
  0.34
  6.00
  3.69
  0.33
  5.21
 -1.65
  7.99
  2.26
 -1.09
  0.90
  6.52
  0.66
  5.14
  5.80
  1.77
  7.15
 -2.34
  7.40
  4.32
  7.01
  4.28
  2.62
 10.03
  2.81
  8.24
  3.39
  2.94
  5.28
  0.26
  1.83
 -0.31
  9.55
 -0.27
 10.52
 -4.03
  3.73
  3.29
  0.64
  8.31
  3.76
  1.09
  9.69
  4.90
  9.10
 -1.33
 10.64
 -0.58
 11.78
  4.71
  7.65
  2.78
  2.67
 10.64
 -1.93
 14.07
 -1.68
  6.57
  3.97
  8.98
 -0.15
  7.18
 -1.81
  6.59
  0.00
  7.57
  5.97
  2.94
  0.61
  8.91
  3.19
  4.87
  4.19
  2.27
 10.04
  5.57
  5.78
 10.27
  0.80
  5.55
  9.31
  4.28
  4.69
  6.34
  8.10
  3.76
  5.96
  7.92
  8.94
  7.89
  8.72
 11.29
  9.48
 11.58
  4.77
  9.04
  3.53
 13.92
  5.36
 12.03
  2.11
 13.01
  0.64
 10.91
  8.62
  7.42
  7.42
  4.00
 11.16
  7.61
  7.66
 10.37
