 -2.2963
 -3.8718
  2.1211
  2.2081
 -6.2520
 -3.6802
  2.4866
 -8.9290
-31.0159
-33.0733
-26.1196
-21.1338
-13.9330
 -9.8627
-13.8094
-13.8635
 -4.6257
 -3.2862
 -8.1598
 -6.4264
  8.5926
 13.1989
 18.7571
 21.8660
 12.2350
  9.4972
  8.3398
 22.2139
 26.6743
 13.6412
 10.9515
 16.8664
 22.6539
 23.9992
 19.2003
 20.5408
 22.3951
 11.6445
  1.5447
  2.9640
  0.4413
 -1.2412
  8.5069
 10.3081
  6.8209
 14.5674
 20.0038
 18.6194
  7.3641
 -2.5134
 -2.7161
  2.5703
  5.8382
  2.5016
  1.8392
 10.8256
  7.9649
  3.1643
 -3.9659
-10.0960
 -3.1583
  1.9818
 -2.0394
 -6.2815
 -4.1643
  0.4918
 -4.1894
  1.5561
  8.7869
  3.6139
  5.2613
 13.4967
 22.2512
 28.2715
 20.7624
  8.3985
  8.7185
 13.0290
 19.6078
 24.2516
 14.8448
  6.0381
  0.4097
 -0.6707
 -4.3146
-11.6976
-11.2104
 -8.9646
 -7.5796
 -3.1152
 -6.7908
 -6.1610
 -1.6220
 -4.5510
 -9.7782
 -5.7566
  1.4082
 -7.9864
-16.8642
-11.0867
 -4.9718
 -1.5562
 -7.5604
 -2.1423
 14.2393
 22.3338
 21.1968
 15.1625
  6.0845
  0.8264
  3.2151
 11.8071
 13.9076
 14.6513
 12.9966
  6.0861
 -2.6748
 -7.6695
 -6.4734
-12.1132
-21.5385
-14.1951
  3.0465
  7.4854
  6.2279
  3.5996
  1.1433
 -3.7095
-11.3861
 -1.7705
 10.8519
  3.0370
 -1.7525
  3.8174
 -0.7603
 -9.1368
 -6.5703
-10.5194
 -7.5032
 -2.5628
 -7.9712
-14.6288
-31.2245
-27.9249
-15.7437
-21.8395
-15.1724
 -0.7960
 -0.9526
 -7.9876
