  0.4411
  0.9861
  0.0547
  0.2070
  0.6565
  0.9020
  0.3534
  0.9141
  0.3142
  0.8619
  0.4763
  0.9977
  0.0090
  0.0357
  0.1377
  0.4749
  0.9975
  0.0101
  0.0398
  0.1530
  0.5183
  0.9987
  0.0053
  0.0212
  0.0829
  0.3041
  0.8465
  0.5196
  0.9985
  0.0061
  0.0244
  0.0954
  0.3450
  0.9040
  0.3473
  0.9067
  0.3384
  0.8956
  0.3741
  0.9366
  0.2374
  0.7242
  0.7990
  0.6424
  0.9189
  0.2979
  0.8367
  0.5465
  0.9913
  0.0343
  0.1326
  0.4602
  0.9936
  0.0252
  0.0984
  0.3550
  0.9159
  0.3082
  0.8528
  0.5021
  1.0000
  0.0001
  0.0003
  0.0011
  0.0045
  0.0181
  0.0709
  0.2635
  0.7763
  0.6945
  0.8486
  0.5139
  0.9992
  0.0031
  0.0123
  0.0485
  0.1847
  0.6024
  0.9580
  0.1608
  0.5399
  0.9936
  0.0253
  0.0985
  0.3552
  0.9161
  0.3073
  0.8515
  0.5058
  0.9999
  0.0005
  0.0021
  0.0085
  0.0337
  0.1303
  0.4531
  0.9912
  0.0348
  0.1344
  0.4654
  0.9952
  0.0191
  0.0750
  0.2775
  0.8020
  0.6352
  0.9269
  0.2710
  0.7903
  0.6629
  0.8938
  0.3797
  0.9421
  0.2181
  0.6821
  0.8674
  0.4601
  0.9936
  0.0253
  0.0985
  0.3552
  0.9162
  0.3072
  0.8513
  0.5063
  0.9998
  0.0006
  0.0025
  0.0101
  0.0401
  0.1538
  0.5206
  0.9983
  0.0068
  0.0268
  0.1045
  0.3743
  0.9368
  0.2369
  0.7230
  0.8010
  0.6376
  0.9243
  0.2800
  0.8064
  0.6244
  0.9381
  0.2322
  0.7132
  0.8182
