Year N3.m01 N3.m02 N3.m03 N3.m04 N3.m05 N3.m06 N3.m07 N3.m08 N3.m09 N3.m10 N3.m11 N3.m12
1856  0.584  0.656  0.523  0.461  0.533  0.479  0.452  0.399  0.323  0.041 -0.321 -0.663
1857 -0.514 -0.550 -0.594 -0.449 -0.424 -0.353 -0.383 -0.438 -0.266 -0.404 -0.368 -0.115
1858 -0.007 -0.052 -0.180 -0.269 -0.190 -0.083 -0.039  0.036 -0.053 -0.124 -0.196 -0.390
1859 -0.427 -0.226 -0.080 -0.173  0.048  0.066  0.173  0.124 -0.025 -0.077 -0.191 -0.321
1860 -0.706 -0.888 -0.879 -0.872 -0.692 -0.487 -0.391 -0.390 -0.416 -0.443 -0.791 -0.746
1861 -0.511 -0.397 -0.593 -0.539 -0.561 -0.506 -0.416 -0.544 -0.663 -0.595 -0.573 -0.439
1862 -0.438 -0.254  0.025  0.218  0.436  0.267  0.231  0.064 -0.357 -0.678 -1.045 -0.766
1863 -0.472 -0.244 -0.216 -0.092 -0.038 -0.046  0.077  0.270  0.211  0.227  0.163  0.153
1864 -0.037 -0.028  0.000  0.141  0.269  0.236  0.587  0.973  0.996  1.057  0.948  0.905
1865  0.827  0.817  0.675  0.688  0.674  0.680  0.835  0.813  0.870  0.983  1.060  1.171
1866  1.297  1.218  1.155  1.055  1.190  1.287  1.169  1.009  0.807  0.711  0.706  0.638
1867  0.780  0.810  0.915  0.929  1.110  1.191  0.993  0.834  0.796  0.567  0.415  0.494
1868  0.464  0.432  0.360  0.267  0.468  0.519  0.540  0.703  1.089  1.311  1.615  1.452
1869  1.126  0.760  0.393  0.180 -0.031 -0.194 -0.301 -0.703 -1.221 -0.879 -0.797 -0.801
1870 -0.965 -0.748 -0.434 -0.215 -0.374 -0.519 -0.670 -0.709 -0.690 -0.842 -0.934 -0.564
1871 -0.358 -0.292 -0.144 -0.150 -0.274 -0.372 -0.272 -0.338 -0.176 -0.052 -0.005 -0.219
1872 -0.507 -0.533 -0.547 -0.599 -0.654 -0.589 -0.515 -0.622 -1.006 -0.924 -0.869 -0.783
1873 -0.732 -0.848 -0.830 -0.696 -0.447 -0.331 -0.152 -0.393 -0.358 -0.643 -1.022 -1.158
1874 -0.977 -1.095 -0.969 -0.838 -0.749 -0.740 -0.853 -1.169 -1.008 -1.028 -1.241 -0.786
1875 -0.500 -0.772 -0.469 -0.750 -0.611 -0.596 -0.415 -0.710 -0.588 -0.880 -0.797 -0.642
1876 -0.943 -0.987 -0.953 -0.944 -0.489 -0.259 -0.023 -0.039 -0.065  0.462  0.442  0.396
1877  0.693  0.644  0.783  1.153  1.144  1.700  1.855  2.149  2.493  2.532  2.617  2.768
1878  2.706  2.490  2.063  1.616  1.422  1.188  0.876  0.431 -0.080 -0.345 -0.330 -0.377
1879 -0.085  0.126 -0.037 -0.051 -0.065 -0.212 -0.341 -0.776 -0.524 -0.538 -0.657 -0.976
1880 -1.141 -0.362 -0.169 -0.082 -0.121 -0.234 -0.407 -0.107  0.198  0.477  0.357  0.441
1881  0.424  0.299  0.314  0.411  0.319  0.120 -0.039  0.093  0.010 -0.122 -0.325 -0.372
1882 -0.437 -0.397 -0.257 -0.187 -0.311 -0.772 -0.915 -0.693 -0.392 -0.596 -0.711 -0.632
1883 -0.595 -0.470 -0.059  0.132  0.139  0.185  0.232  0.211  0.089 -0.102  0.052 -0.173
1884 -0.272 -0.246  0.101  0.518  0.464  0.262  0.292  0.468  0.428  0.761  0.752  0.873
1885  0.725  0.295  0.420  0.379  0.168  0.133 -0.040  0.174  0.565  0.736  0.788  0.639
1886  0.071 -0.407 -0.307 -0.334 -0.529 -0.958 -0.932 -0.866 -0.660 -0.944 -0.913 -1.123
1887 -0.929 -0.867 -0.669 -0.562 -0.148 -0.019 -0.004 -0.327 -0.013  0.003  0.202  0.292
1888  0.508  0.672  0.588  0.478  0.872  0.866  0.896  0.929  1.492  1.801  1.976  2.133
1889  2.080  1.609  1.285  0.975  0.725  0.214 -0.273 -0.948 -0.734 -1.058 -1.150 -1.108
1890 -1.387 -0.844 -0.843 -0.557 -0.442 -0.573 -0.624 -0.691 -0.631 -0.973 -0.863 -0.223
1891  0.008  0.199  0.152  0.533  0.661  0.602  0.471  0.341 -0.080  0.081  0.160 -0.015
1892  0.017 -0.042 -0.132 -0.377 -0.427 -0.675 -0.822 -0.960 -1.270 -1.720 -1.536 -1.372
1893 -1.338 -1.466 -1.123 -1.090 -1.163 -1.078 -0.874 -0.814 -0.796 -0.802 -0.787 -0.613
1894 -0.722 -0.702 -0.741 -0.545 -0.557 -0.249 -0.123 -0.353 -0.192 -0.308 -0.257 -0.437
1895 -0.295 -0.330 -0.037  0.123  0.208  0.072  0.034  0.191  0.534  0.495  0.803  0.653
1896  0.496  0.400  0.431  0.388  0.362  0.479  0.819  1.330  1.172  1.297  1.749  2.119
1897  1.830  1.488  0.882  0.431  0.212  0.097  0.053 -0.176 -0.034 -0.225 -0.440 -0.396
1898 -0.294 -0.430 -0.491 -0.128 -0.178 -0.238 -0.386 -0.532 -0.488 -0.549 -0.700 -0.716
1899 -0.565 -0.380 -0.110  0.286  0.540  0.605  0.757  1.065  1.128  1.298  1.327  1.540
1900  1.431  1.352  1.038  1.027  0.955  0.851  0.773  0.623  0.496  0.506  0.299  0.506
1901  0.327  0.136 -0.112  0.013 -0.099 -0.242 -0.394 -0.314 -0.281 -0.098 -0.093 -0.002
1902  0.258  0.412  0.491  0.642  0.892  1.180  1.549  1.598  1.634  1.550  1.779  1.555
1903  1.134  0.852  0.590  0.239 -0.022 -0.298 -0.417 -0.493 -0.571 -0.598 -0.773 -0.975
1904 -0.644 -0.428 -0.257  0.011  0.248  0.355  0.629  0.709  0.528  0.707  0.760  0.932
1905  1.019  0.894  1.035  1.164  1.538  1.603  1.506  1.491  1.677  1.575  1.520  1.506
1906  1.362  0.934  0.480  0.601  0.157  0.054 -0.242 -0.784 -0.501 -0.559 -0.575 -0.416
1907 -0.406 -0.384 -0.183  0.028  0.196  0.425  0.414  0.170  0.093 -0.013 -0.227  0.167
1908 -0.076 -0.108 -0.326 -0.587 -0.527 -0.397 -0.635 -0.452 -0.597 -0.669 -0.844 -1.075
1909 -0.827 -0.667 -0.511 -0.394 -0.332 -0.435 -0.426 -0.444 -0.592 -0.932 -1.227 -1.027
1910 -0.914 -0.979 -0.970 -1.155 -1.004 -0.650 -0.611 -0.896 -0.558 -0.599 -0.620 -0.515
1911 -0.499 -0.835 -0.778 -0.663 -0.213  0.130  0.352  0.559  0.721  0.985  1.256  1.548
1912  1.391  1.139  0.809  0.746  0.471  0.203 -0.159 -0.295 -0.146 -0.018  0.027 -0.035
1913  0.336  0.378 -0.047 -0.242 -0.153  0.103  0.276  0.383  0.474  0.609  0.827  1.058
1914  1.061  0.710  0.707  1.003  0.807  0.496  0.702  1.031  1.057  1.202  1.359  1.464
1915  1.509  1.496  1.468  1.344  1.323  1.216  1.067  0.569  0.249  0.117 -0.059 -0.317
1916 -0.529 -0.602 -0.583 -0.635 -0.825 -0.911 -0.930 -1.303 -1.209 -1.114 -1.213 -1.280
1917 -1.413 -1.187 -1.309 -0.617 -0.292  0.108  0.111 -0.178 -0.429 -0.770 -1.043 -1.099
1918 -1.100 -0.777 -0.295  0.103  0.564  0.841  1.063  1.173  1.415  1.761  1.933  1.797
1919  1.731  1.558  1.312  1.159  0.893  0.600  0.390  0.614  0.599  0.486  0.589  0.950
1920  1.107  1.144  0.949  0.965  1.020  0.743  0.282  0.163  0.142 -0.112 -0.144 -0.055
1921 -0.188 -0.571 -1.287 -0.561 -0.254 -0.121 -0.109 -0.186 -0.073 -0.088 -0.175 -0.336
1922 -0.425  0.216  0.349  0.214  0.182 -0.095 -0.617 -1.316 -0.948 -0.644 -0.545 -0.486
1923 -0.408 -0.207  0.022  0.329  0.677  0.759  0.566  0.849  0.770  0.578  0.946  1.035
1924  0.759  0.688  0.667  0.153 -0.504 -0.738 -0.773 -0.853 -0.837 -0.670 -0.798 -0.691
1925 -1.076 -0.449  0.132  0.471  0.315  0.572  0.834  0.920  0.904  0.823  1.438  1.619
1926  1.501  1.119  1.224  1.196  0.880  0.520  0.605  0.329 -0.117 -0.106  0.038 -0.006
1927 -0.058  0.495  0.155 -0.094  0.173  0.127 -0.305 -0.149  0.173  0.380  0.340  0.177
1928 -0.019 -0.050 -0.007  0.160  0.423  0.004  0.030  0.039  0.072 -0.184 -0.245 -0.187
1929 -0.283  0.094  0.082  0.354  0.358  0.412  0.305  0.451  0.562  0.531  0.783  0.544
1930  0.151  0.004  0.193  0.687  0.378  0.441  1.204  1.198  1.300  1.549  2.141  1.920
1931  1.941  1.567  1.207  1.126  0.715  0.237  0.005 -0.313 -0.604 -0.667 -0.602 -0.427
1932 -0.219  0.044  0.445  0.500  0.701  0.585  0.208 -0.090  0.026  0.011  0.081 -0.119
1933 -0.271  0.151  0.195  0.194 -0.293 -0.524 -0.562 -0.879 -0.839 -0.902 -1.060 -0.891
1934 -0.466 -0.431 -0.506  0.186  0.155  0.323  0.121  0.214  0.116 -0.134  0.094 -0.214
1935 -0.508 -0.567 -0.368 -0.240 -0.217 -0.102 -0.176  0.351  0.280  0.294  0.182  0.048
1936  0.310  0.303  0.030  0.217  0.138 -0.259 -0.151 -0.082  0.010  0.403  0.205  0.131
1937  0.117  0.155  0.231  0.456 -0.180 -0.353 -0.290 -0.410  0.018 -0.222 -0.261 -0.393
1938 -0.488 -0.471 -0.406 -0.323 -0.474 -0.828 -1.144 -0.887 -0.724 -0.612 -0.884 -0.805
1939 -0.768 -0.823 -0.605 -0.089  0.060  0.141  0.087  0.236 -0.001 -0.101  0.247  0.615
1940  0.934  1.164  1.633  1.513  1.354  0.937  0.766  0.657  0.551  0.560  0.988  1.371
1941  1.946  2.050  2.080  2.096  1.884  1.587  0.656  0.462  0.612  0.963  1.707  1.835
1942  0.914  0.399  0.195  0.292  0.109 -0.543 -0.915 -1.450 -1.467 -1.700 -1.705 -1.435
1943 -1.314 -1.302 -0.827 -0.365  0.373  0.380  0.268  0.019 -0.438 -0.413 -0.353 -0.401
1944 -0.544  0.199  0.006  0.031  0.179  0.328  0.175  0.068 -0.427 -0.467 -0.776 -0.587
1945 -0.627 -0.314 -0.432 -0.055  0.204  0.059 -0.372 -0.222 -0.192 -0.166 -0.116  0.045
1946 -0.065 -0.259 -0.448 -0.371 -0.147 -0.303 -0.202 -1.167 -0.535 -0.243  0.013 -0.036
1947  0.089  0.006  0.100  0.068  0.144  0.176  0.048 -0.254 -0.448 -0.425 -0.317 -0.125
1948 -0.186  0.262  0.428  0.135  0.133 -0.040 -0.356 -0.304 -0.520 -0.792 -0.337 -0.149
1949 -0.378  0.120 -0.416  0.371  0.296 -0.481 -0.813 -0.647 -0.926 -1.085 -1.514 -1.293
1950 -1.265 -1.399 -0.591 -0.657 -1.079 -0.561 -0.428 -0.351 -0.922 -0.664 -0.695 -0.461
1951 -0.201 -0.113 -0.081  0.129  0.349  0.653  0.944  0.954  0.877  0.937  1.058  0.783
1952  0.607  0.438  0.218  0.424  0.142 -0.265 -0.490 -0.279 -0.129 -0.075 -0.458 -0.229
1953  0.155  0.373  0.225  0.613  0.487  0.598  0.402  0.422  1.031  0.535  0.374  0.429
1954  0.204 -0.031 -0.121 -0.767 -0.767 -0.682 -0.775 -0.753 -0.944 -0.806 -0.581 -0.824
1955 -0.445 -0.394 -0.371 -0.405 -0.958 -0.812 -0.511 -0.521 -0.943 -1.260 -1.728 -1.362
1956 -0.878 -0.297 -0.336 -0.392 -0.257 -0.312 -0.387 -0.459 -0.527 -0.611 -0.921 -0.590
1957 -0.549  0.134  0.580  0.688  0.777  0.938  1.172  1.394  0.823  0.865  1.296  1.246
1958  1.455  1.123  0.604  0.387  0.560  0.331  0.228  0.156 -0.002 -0.021  0.147  0.166
1959 -0.010 -0.028 -0.102  0.356  0.362 -0.042 -0.392 -0.530 -0.256  0.050 -0.004 -0.040
1960  0.065 -0.123  0.226  0.056 -0.039 -0.289 -0.179  0.191  0.138 -0.523 -0.442 -0.351
1961 -0.346  0.123  0.027  0.530  0.348  0.633 -0.292 -0.647 -0.969 -0.677 -0.287 -0.089
1962 -0.235 -0.084 -0.432 -0.656 -0.465 -0.242 -0.155 -0.078 -0.409 -0.428 -0.600 -0.739
1963 -0.473 -0.328  0.060  0.288  0.453  0.591  0.957  1.028  0.902  1.026  0.813  1.148
1964  0.501  0.172 -0.368 -0.657 -1.066 -1.141 -0.843 -1.017 -0.800 -0.632 -0.818 -1.118
1965 -0.639 -0.199 -0.163  0.212  0.965  0.925  1.028  1.262  1.471  1.460  1.618  1.513
1966  1.334  0.780  0.223  0.240 -0.444  0.025  0.254 -0.146 -0.250 -0.109 -0.331 -0.488
1967 -0.291 -0.095 -0.287 -0.589 -0.210  0.104 -0.244 -0.759 -0.995 -0.920 -0.918 -0.871
1968 -1.018 -1.242 -1.086 -0.622 -0.575  0.093  0.595  0.433  0.362  0.300  0.562  0.692
1969  0.954  0.515  0.528  0.516  1.128  0.959  0.438  0.556  1.054  1.008  1.065  1.119
1970  1.108  0.645  0.309  0.245 -0.219 -0.760 -1.694 -1.713 -1.242 -1.113 -1.270 -1.647
1971 -1.531 -1.316 -1.174 -0.464 -0.675 -0.572 -0.373 -0.601 -0.573 -0.783 -0.849 -0.933
1972 -0.334 -0.199 -0.026  0.420  0.834  1.062  1.456  1.941  1.840  2.044  2.290  2.321
1973  1.636  1.265  0.786  0.103 -0.886 -0.963 -1.039 -1.400 -1.242 -1.425 -1.562 -1.525
1974 -1.395 -1.156 -0.442 -0.285  0.125  0.264 -0.091  0.078 -0.299 -0.224 -0.550 -0.407
1975 -0.198 -0.396 -0.400 -0.043 -0.449 -0.857 -0.813 -0.503 -0.842 -1.101 -1.128 -1.465
1976 -1.740 -1.041 -0.250 -0.052  0.164  0.746  0.673  1.182  1.215  1.315  1.124  1.025
1977  1.211  0.699  0.584 -0.245  0.310  0.328  0.091 -0.371 -0.055  0.392  0.621  0.456
1978  0.590  0.288  0.050 -0.483 -0.282 -0.651 -0.670 -0.762 -0.500 -0.328 -0.045  0.244
1979 -0.114  0.006  0.244  0.459  0.552  0.488  0.099  0.516  1.070  0.553  0.342  0.552
1980  0.462  0.263  0.143  0.294  0.391  0.575  0.012 -0.078 -0.148 -0.338  0.181  0.497
1981 -0.525 -0.601 -0.235 -0.513 -0.035  0.008 -0.384 -0.607 -0.079  0.055 -0.139  0.246
1982  0.479  0.193  0.049  0.447  1.046  1.211  0.900  1.262  1.899  2.360  2.720  3.343
1983  3.444  2.879  2.217  1.971  2.329  2.062  1.357  1.188  0.768  0.071 -0.299 -0.274
1984 -0.490 -0.093  0.105  0.098 -0.184 -0.683 -0.495 -0.355 -0.161 -0.552 -0.585 -1.073
1985 -0.798 -0.988 -0.698 -0.490 -0.457 -0.634 -0.695 -0.621 -0.532 -0.537 -0.514 -0.543
1986 -0.677 -0.403 -0.108 -0.016  0.036  0.058  0.144  0.200  0.731  0.831  1.113  1.033
1987  1.207  1.237  1.319  1.291  1.466  1.450  1.562  1.671  1.973  1.563  1.411  1.312
1988  0.770  0.431  0.342 -0.255 -0.965 -1.568 -1.693 -1.452 -0.899 -1.339 -1.521 -1.567
1989 -1.299 -0.647 -0.829 -0.429 -0.192 -0.092 -0.137 -0.279 -0.144 -0.128 -0.133 -0.162
1990 -0.154  0.156  0.120  0.493  0.621  0.308  0.030  0.191  0.315  0.185  0.098  0.224
1991  0.279  0.168  0.215  0.232  0.925  1.199  1.077  0.655  0.454  0.903  1.287  1.559
1992  1.562  1.454  1.368  1.581  1.657  0.727  0.244 -0.024 -0.018 -0.040 -0.008  0.049
1993  0.033  0.350  0.583  1.173  1.404  0.824  0.387  0.241  0.452  0.529  0.390  0.413
1994  0.274 -0.088  0.002 -0.069  0.388  0.314 -0.201 -0.146  0.268  0.759  1.046  1.129
1995  0.938  0.684  0.234  0.014 -0.122  0.011 -0.055 -0.373 -0.415 -0.571 -0.702 -0.645
1996 -0.540 -0.481 -0.103 -0.372 -0.329 -0.238 -0.132 -0.164 -0.165 -0.205 -0.254 -0.617
1997 -0.610 -0.304  0.171  0.600  1.449  1.983  2.409  2.916  3.122  3.308  3.548  3.725
1998  3.430  2.762  2.230  1.896  1.568  0.196 -0.023  0.079 -0.127 -0.424 -0.451 -0.768
1999 -0.836 -0.522 -0.149 -0.431 -0.085 -0.396 -0.494 -0.633 -0.711 -0.809 -1.139 -1.251
2000 -1.433 -0.924 -0.455  0.061  0.029 -0.421 -0.538 -0.508 -0.226 -0.257 -0.534 -0.364
